0	18.564985	1.3596711	3229.908
1	144.81126	1.1002804	7117.6597
2	246.30394	1.0847769	8167.2427
3	347.09213	1.0751697	8838.793
4	448.04745	1.0687084	9576.793
5	548.9192	1.0641891	9790.663
6	648.8777	1.0583222	10601.178
7	747.2335	1.0556903	10779.648
8	847.35077	1.0548828	10909.728
9	948.75946	1.0499207	11578.712
10	1048.965	1.049512	11792.107
11	1149.3616	1.0466691	12198.096
12	1248.9369	1.0463471	12384.577
13	1348.6686	1.0439633	12683.581
14	1449.8062	1.0413007	12980.012
15	1548.4774	1.0428647	12950.697
16	1649.3462	1.0390176	13581.823
17	1748.5337	1.0385916	13862.199
18	1849.9882	1.0378667	13898.049
19	1947.4344	1.0376371	14025.986
20	2049.0615	1.0355276	14005.632
21	2149.036	1.0352918	14149.801
22	2248.2808	1.0339197	14502.179
23	2349.528	1.0338815	14512.831
24	2450.187	1.032808	14808.628
25	2550.8513	1.0322025	15103.156
26	2649.1133	1.0312537	15204.355
27	2750.6711	1.0307193	15251.657
28	2847.5288	1.030064	15435.542
29	2951.0251	1.0302348	15049.671
30	3050.5283	1.0301679	15436.811
31	3150.0647	1.0285168	15628.75
32	3248.6394	1.0276103	15950.05
33	3349.8486	1.0281602	15772.797
34	3448.6152	1.0270722	15644.891
35	3548.3926	1.0293138	15646.244
36	3650.3916	1.0263715	16142.091
37	3749.7366	1.0269251	15855.239
38	3848.7615	1.0246618	16043.371
39	3951.2288	1.0262451	15722.544
40	4048.03	1.0239508	16399.932
41	4149.0605	1.0259335	16587.389
42	4246.3164	1.0249392	16234.337
43	4349.029	1.0241386	16360.182
44	4446.6787	1.0252486	16098.852
45	4550	1.0230427	16347.3
46	4647.219	1.023503	16306.635
47	4750.9556	1.0249821	16154.358
48	4850.2417	1.0239315	16227.586
49	4949.6597	1.0232404	16443.355
50	5049.177	1.0254492	16117.375
51	5149.0454	1.0238312	16055.012
52	5248.7285	1.023826	16519.338
53	5349.9785	1.0234761	16438.195
54	5449.3174	1.0207324	16541.203
55	5549.074	1.0238811	16044.683
56	5649.656	1.0239908	16266.881
57	5748.877	1.0208234	16606.668
58	5849.349	1.0206854	16267.995
59	5947.4385	1.021911	16232.391
60	6051.217	1.0206468	16100.107
61	6151.058	1.0213702	16225.757
62	6249.017	1.0216056	16251.897
63	6350.53	1.0223136	15552.735
64	6447.86	1.0209423	16329.648
65	6551.7173	1.0215806	15951.053
66	6646.789	1.0220048	16483.2
67	6750.4346	1.0198183	16722.35
68	6850.382	1.0213729	15832.066
69	6948.1636	1.0213702	16281.552
70	7046.582	1.0222328	15589.089
71	7147.64	1.0202826	16448.072
72	7249.2256	1.0200412	15953.09
73	7350.7	1.0194235	16366.052
74	7451.213	1.0209628	16327.191
75	7549.32	1.0206851	16475.78
76	7650.4565	1.0199343	16320.114
77	7746.7886	1.0199237	16301.639
78	7849.0635	1.0189939	16769.562
79	7955.2695	1.0195842	16330.733
80	8047.8477	1.0179706	16514.365
81	8151.397	1.0187904	16479.145
82	8250.914	1.0188531	16697.564
83	8347.321	1.0194565	16378.536
84	8448.283	1.0207547	16050.178
85	8549.709	1.0217915	15219.149
86	8649.015	1.0185089	16438.416
87	8748.476	1.0204281	15499.061
88	8849.148	1.0196548	16606.582
89	8950.249	1.0193594	15946.942
90	9050.692	1.0179513	16059.073
91	9152.12	1.0170527	16480.672
92	9249.687	1.0202736	15874.344
93	9350.071	1.021394	16029.413
94	9447.91	1.0166847	16383.753
95	9548.558	1.018636	16213.066
96	9647.071	1.01828	16376.477
97	9748.772	1.0182474	15856.102
98	9849.7	1.016929	16476.36
99	9949.977	1.0181127	16445.623
100	10048.631	1.0186003	16727.322
101	10151.204	1.017733	16370.864
102	10250.437	1.0186019	17177.969
103	10349.551	1.0188279	15769.782
104	10449.287	1.0197593	15996.468
105	10551.164	1.016057	16986.582
106	10649.328	1.0167572	16324.598
107	10750.238	1.0193714	16566.703
108	10847.522	1.017694	16481.227
109	10952.541	1.0192645	16590.814
110	11045.038	1.017855	16842.873
111	11149.626	1.0175298	17164.49
112	11246.392	1.0171623	17205.271
113	11346.974	1.0157524	16641.23
114	11444.449	1.019224	16065.718
115	11554.918	1.0156373	17079.5
116	11649.493	1.0179294	17080.863
117	11744.677	1.0206354	17002.646
118	11848.591	1.0180181	16795.848
119	11950.343	1.0149702	17012.643
120	12045.234	1.0155042	17233.27
121	12150.625	1.0162544	17004.09
122	12247	1.016708	17166.877
123	12346.904	1.0181735	17562.096
124	12450.5625	1.0164113	16756.152
125	12549.187	1.0183897	16973.904
126	12652.044	1.0163729	17775.992
127	12748.883	1.0167373	16826.52
128	12843.521	1.0177536	16802.383
129	12949.17	1.0146981	17835.12
130	13052.011	1.0163866	17419.748
131	13144.337	1.01557	16946.305
132	13249.465	1.0180455	16734.373
133	13344.525	1.0182631	17368.35
134	13454.082	1.0154254	17583.225
135	13549.453	1.0181065	18552.406
136	13650.821	1.02049	16883.834
137	13748.392	1.0147802	17209.27
138	13851.766	1.0192461	17116.406
139	13954.112	1.0175807	17167.549
140	14049.167	1.0134478	19264.889
141	14149.234	1.0143015	17502.984
142	14252.02	1.0171323	17190.844
143	14352.571	1.0114452	17981.732
144	14451.654	1.0162895	18306.8
145	14552.492	1.0179796	16895.809
146	14644.581	1.0158396	17010.441
147	14748.357	1.0181482	19209.904
148	14852.28	1.01472	17438.32
149	14953.093	1.0164595	17848.465
150	15050.65	1.0171391	16727.3
151	15148.185	1.017854	17905
152	15248.258	1.0121864	19184.227
153	15347.395	1.0175995	17568.764
154	15440.333	1.0157971	17524.908
155	15542.083	1.0186538	18109.625
156	15648.92	1.0100543	17810.48
157	15744.5	1.0150683	18548.318
158	15841.826	1.0148422	17486.043
159	15946.883	1.0175123	19988.53
160	16059.363	1.0129809	19367.318
161	16151.111	1.0131973	19246.445
162	16246.833	1.0202549	17662.889
163	16354.929	1.014229	20845.072
164	16461.75	1.0222192	17292.812
165	16561.615	1.0128065	20126.54
166	16644.334	1.012693	17560.166
167	16739.777	1.0124315	19277.223
168	16854.4	1.0155367	21017.6
169	16941.062	1.0172026	19391.562
170	17038	1.0108322	19220.334
171	17159.777	1.0178065	20913.334
172	17228.5	1.0086607	20966.75
173	17314.5	1.0116844	23147
174	17439.5	1.0030377	18882
175	17540.8	1.0210879	18057
176	17630.666	1.005181	21887.334
177	17741.4	1.0095596	20130.6
178	17818	1.0078955	21921
179	17955.5	1.0158195	19770
182	18240	1.0059996	22968
189	18922	1.0142804	23326
